vikt <- c(90,91,93,106,97,108,97,105,106,103,105,96,105,95,90,101,90,91,85,99,93,104,89,103,102,95,103,95,105,87,86,101)
grupp <- c("A","A","A","A","A","A","A","A","A","A","A","A","A","A","A","A","B","B","B","B","B","B","B","B","B","B","B","B","B","B","B","B")